name: Fusion
channels:
  - defaults
  - bioconda
  - conda-forge
dependencies:
  - _libgcc_mutex=0.1=conda_forge
  - _openmp_mutex=4.5=2_kmp_llvm
  - bbmap=39.01=h92535d8_1
  - blast=2.5.0=hc0b0e79_3
  - boost=1.63.0=py36_5
  - boost-cpp=1.63.0=2
  - bowtie=1.3.1=py36h7144ea4_4
  - bzip2=1.0.8=h7b6447c_0
  - c-ares=1.19.1=h5eee18b_0
  - ca-certificates=2023.12.12=h06a4308_0
  - certifi=2020.6.20=pyhd3eb1b0_3
  - dbus=1.13.18=hb2f20db_0
  - expat=2.5.0=h6a678d5_0
  - freetype=2.12.1=h4a9f257_0
  - glib=2.69.1=h4ff587b_1
  - gmap=2023.10.10=h9d449c0_1
  - htslib=1.17=h6bc39ce_1
  - icu=58.2=he6710b0_3
  - krb5=1.20.1=h568e23c_1
  - ld_impl_linux-64=2.38=h1181459_1
  - libcurl=7.88.1=h91b91d3_2
  - libdb=6.2.32=h6a678d5_1
  - libdeflate=1.17=h5eee18b_1
  - libedit=3.1.20230828=h5eee18b_0
  - libev=4.33=h7f8727e_1
  - libffi=3.3=he6710b0_2
  - libgcc-ng=13.2.0=h807b86a_3
  - libnghttp2=1.52.0=ha637b67_1
  - libpng=1.6.39=h5eee18b_0
  - libssh2=1.10.0=h37d81fd_2
  - libstdcxx-ng=13.2.0=h7e041cc_3
  - libxcb=1.15=h7f8727e_0
  - libxcrypt=4.4.36=hd590300_1
  - libzlib=1.2.13=hd590300_5
  - llvm-openmp=14.0.6=h9e868ea_0
  - ncurses=6.4=h6a678d5_0
  - openjdk=11.0.13=h87a67e3_0
  - openssl=1.1.1w=h7f8727e_0
  - pbzip2=1.1.13=h1fcc475_2
  - pcre=8.45=h295c915_0
  - perl=5.32.1=7_hd590300_perl5
  - perl-business-isbn=3.007=pl5321hdfd78af_0
  - perl-business-isbn-data=20210112.006=pl5321hdfd78af_0
  - perl-carp=1.38=pl5321hdfd78af_4
  - perl-common-sense=3.75=pl5321hdfd78af_0
  - perl-constant=1.33=pl5321hdfd78af_2
  - perl-data-dumper=2.183=pl5321hec16e2b_1
  - perl-db-file=1.855=pl5321h779adbc_1
  - perl-encode=3.19=pl5321hec16e2b_1
  - perl-exporter=5.72=pl5321hdfd78af_2
  - perl-extutils-makemaker=7.70=pl5321hd8ed1ab_0
  - perl-file-util=4.201720=pl5321hdfd78af_0
  - perl-io-gzip=0.20=pl5321h7132678_4
  - perl-json-xs=4.03=pl5321h4ac6f70_2
  - perl-lib=0.63=pl5321hdfd78af_2
  - perl-mime-base64=3.16=pl5321hec16e2b_2
  - perl-parent=0.236=pl5321hdfd78af_2
  - perl-set-intervaltree=0.12=pl5321hdbdd923_3
  - perl-types-serialiser=1.01=pl5321hdfd78af_0
  - perl-uri=5.12=pl5321hdfd78af_0
  - python=3.6.13=h12debd9_1
  - python_abi=3.6=2_cp36m
  - readline=8.2=h5eee18b_0
  - samtools=1.15.1=h6899075_1
  - setuptools=49.6.0=py36h5fab9bb_3
  - sqlite=3.41.2=h5eee18b_0
  - star=2.7.11a=h0033a41_0
  - star-fusion=1.6.0=0
  - tbb=2021.8.0=hdb19cb5_0
  - tk=8.6.12=h1ccaba5_0
  - wheel=0.37.1=pyhd3eb1b0_0
  - xz=5.2.10=h5eee18b_1
  - zlib=1.2.13=hd590300_5
  - pip:
      - cython==3.0.9
      - decorator==5.1.1
      - intervaltree==3.1.0
      - intervaltree-bio==1.0.1
      - networkx==2.0
      - numpy==1.19.5
      - pandas==1.1.5
      - pip==21.3.1
      - primer3-py==0.6.1
      - pysam==0.22.0
      - python-dateutil==2.9.0.post0
      - pytz==2024.1
      - six==1.16.0
      - sortedcontainers==2.4.0
      - starseqr==0.6.7
prefix: /home/cfff_r2636/.conda/envs/Fusion
